李鹏 261003216 74.000000 75.000000 81.000000 78.000000 74.000000
张世安 281001103 69.000000 71.000000 73.000000 74.000000 74.000000
佟璐 281001104 92.000000 93.000000 99.000000 93.000000 93.000000
腾云 281001105 88.000000 93.000000 90.000000 95.000000 94.000000
王目昱 281001106 74.000000 75.000000 78.000000 76.000000 77.000000
戴桐 281001110 83.000000 85.000000 85.000000 84.000000 89.000000
秦艳飞 281001111 81.000000 89.000000 86.000000 88.000000 87.000000
孙健 281001113 90.000000 91.000000 98.000000 99.000000 92.000000
吴昊 281001114 75.000000 82.000000 84.000000 80.000000 79.000000
皮培 281001115 71.000000 74.000000 72.000000 73.000000 74.000000
王小保 281001116 78.000000 81.000000 82.000000 79.000000 79.000000
王佳文 281001117 81.000000 84.000000 89.000000 88.000000 85.000000
袁芳标 281001118 100.000000 98.000000 98.000000 98.000000 98.000000
陈云斌 281001120 86.000000 89.000000 87.000000 95.000000 94.000000
丁文 281001121 74.000000 80.000000 79.000000 74.000000 76.000000
徐超文 281001124 91.000000 99.000000 97.000000 91.000000 93.000000
谢辉 281001125 79.000000 83.000000 87.000000 85.000000 84.000000
杜新华 281001126 88.000000 88.000000 97.000000 88.000000 88.000000
谢望 281001127 74.000000 80.000000 75.000000 77.000000 82.000000
纪望 281001128 84.000000 93.000000 87.000000 88.000000 88.000000
占丽伟 281001129 90.000000 96.000000 90.000000 96.000000 96.000000
雷琦晖 281001130 92.000000 93.000000 98.000000 96.000000 98.000000
雷艳 281001131 94.000000 98.000000 97.000000 98.000000 98.000000
张丹 281001132 99.000000 98.000000 98.000000 98.000000 98.000000
杨凯 281003101 78.000000 81.000000 83.000000 87.000000 86.000000
杜志煌 281003102 80.000000 84.000000 80.000000 87.000000 86.000000
郭靖东 281003103 86.000000 89.000000 92.000000 87.000000 91.000000
徐昊春 281003104 76.000000 80.000000 78.000000 76.000000 85.000000
姜玉明 281003105 83.000000 90.000000 86.000000 90.000000 85.000000
潘宏赫 281003106 81.000000 87.000000 81.000000 82.000000 87.000000
王长龙 281003107 85.000000 90.000000 92.000000 90.000000 89.000000
曲小亮 281003108 80.000000 81.000000 82.000000 80.000000 80.000000
李传龙 281003109 99.000000 98.000000 98.000000 98.000000 99.000000
林忠敏 281003110 71.000000 78.000000 72.000000 78.000000 78.000000
杨亮 281003111 84.000000 91.000000 91.000000 87.000000 87.000000
刘禹锡 281003112 84.000000 89.000000 93.000000 93.000000 92.000000
殷大为 281003113 81.000000 82.000000 89.000000 83.000000 87.000000
王懋红 281003114 81.000000 87.000000 81.000000 84.000000 89.000000
张德龙 281003115 92.000000 92.000000 93.000000 94.000000 97.000000
顾百成 281003116 80.000000 80.000000 89.000000 84.000000 87.000000
黄煜 281003117 99.000000 98.000000 98.000000 98.000000 98.000000
高航 281003118 75.000000 77.000000 75.000000 76.000000 81.000000
白天 281003119 74.000000 78.000000 74.000000 80.000000 75.000000
刘洋 281003120 69.000000 77.000000 78.000000 77.000000 73.000000
王伟 281003121 60.000000 61.000000 64.000000 63.000000 69.000000
柴连启 281003122 73.000000 81.000000 81.000000 73.000000 81.000000
林迎接 281003123 83.000000 90.000000 90.000000 91.000000 86.000000
郭俊来 281003124 85.000000 93.000000 88.000000 92.000000 86.000000
丁延海 281003125 76.000000 76.000000 83.000000 79.000000 80.000000
赵婕 281003126 93.000000 98.000000 99.000000 98.000000 94.000000
董婧瑶 281003127 90.000000 90.000000 99.000000 99.000000 96.000000
孙佳 281003128 97.000000 98.000000 98.000000 98.000000 98.000000
任益文 281003129 96.000000 98.000000 98.000000 98.000000 98.000000
魏璐 281003130 78.000000 83.000000 83.000000 81.000000 81.000000
魏大力 281003201 91.000000 94.000000 98.000000 95.000000 94.000000
李巍 281003202 97.000000 98.000000 97.000000 98.000000 98.000000
董啸宇 281003203 89.000000 89.000000 95.000000 97.000000 90.000000
郭佳旺 281003204 78.000000 87.000000 86.000000 87.000000 85.000000
温泉 281003206 90.000000 92.000000 92.000000 98.000000 92.000000
郭飞 281003207 63.000000 71.000000 72.000000 63.000000 70.000000
林长森 281003208 7.000000 15.000000 8.000000 12.000000 15.000000
法超 281003209 79.000000 85.000000 80.000000 81.000000 83.000000
李兴强 281003210 100.000000 98.000000 98.000000 98.000000 98.000000
张广禹 281003211 86.000000 88.000000 92.000000 91.000000 89.000000
张佶 281003212 79.000000 88.000000 81.000000 83.000000 85.000000
关春辉 281003213 88.000000 89.000000 96.000000 90.000000 89.000000
许晓龙 281003214 70.000000 71.000000 79.000000 77.000000 76.000000
李志刚 281003215 71.000000 73.000000 80.000000 76.000000 73.000000
徐添羽 281003216 84.000000 84.000000 84.000000 87.000000 93.000000
朱彤 281003217 93.000000 94.000000 98.000000 94.000000 98.000000
陈启明 281003218 93.000000 98.000000 96.000000 95.000000 98.000000
梁德X 281003219 87.000000 89.000000 92.000000 95.000000 93.000000
麻欣 281003220 83.000000 90.000000 90.000000 85.000000 85.000000
谷宇佳 281003221 82.000000 91.000000 86.000000 83.000000 91.000000
王洪峰 281003222 80.000000 86.000000 89.000000 88.000000 82.000000
孙剑 281003223 83.000000 88.000000 88.000000 87.000000 92.000000
聂庭栋 281003224 84.000000 85.000000 86.000000 89.000000 84.000000
米扬 281003225 82.000000 90.000000 85.000000 91.000000 85.000000
郭婷婷 281003226 96.000000 98.000000 98.000000 98.000000 98.000000
杨晗芳 281003227 90.000000 99.000000 97.000000 96.000000 99.000000
王佳韵 281003228 87.000000 90.000000 92.000000 94.000000 93.000000
陈聪 281003229 96.000000 98.000000 98.000000 98.000000 98.000000
马芸芸 281003230 88.000000 93.000000 92.000000 92.000000 89.000000
张江浩 281005101 60.000000 66.000000 61.000000 66.000000 63.000000
郭志杰 281005102 67.000000 70.000000 72.000000 72.000000 70.000000
李宁 281005103 75.000000 77.000000 83.000000 77.000000 80.000000
马奎高 281005104 72.000000 75.000000 78.000000 73.000000 80.000000
白延云 281005105 86.000000 92.000000 88.000000 87.000000 90.000000
郭耀华 281005106 94.000000 98.000000 96.000000 98.000000 95.000000
刘志斌 281005107 91.000000 96.000000 91.000000 94.000000 97.000000
孟利园 281005108 83.000000 87.000000 92.000000 85.000000 92.000000
芦明星 281005109 96.000000 99.000000 98.000000 98.000000 96.000000
郑翔宇 281005110 66.000000 71.000000 75.000000 72.000000 69.000000
方武章 281005111 93.000000 97.000000 95.000000 98.000000 98.000000
赵金峰 281005112 72.000000 79.000000 77.000000 80.000000 73.000000
卞奇 281005113 87.000000 89.000000 92.000000 94.000000 91.000000
陈浩 281005115 86.000000 90.000000 90.000000 90.000000 90.000000
韩盛 281005116 54.000000 56.000000 63.000000 57.000000 54.000000
薛宇峰 281005117 70.000000 77.000000 77.000000 78.000000 77.000000
厉一鸣 281005118 99.000000 98.000000 99.000000 98.000000 98.000000
张钊 281005119 98.000000 98.000000 98.000000 98.000000 98.000000
宫诏健 281005120 93.000000 96.000000 98.000000 95.000000 98.000000
梁栋 281005121 60.000000 67.000000 65.000000 63.000000 64.000000
刘建伟 281005122 52.000000 55.000000 54.000000 53.000000 53.000000
张井文 281005123 79.000000 82.000000 81.000000 84.000000 82.000000
崔峥 281005124 71.000000 76.000000 72.000000 73.000000 73.000000
谢国强 281005125 21.000000 23.000000 27.000000 25.000000 21.000000
姜海龙 281005126 80.000000 87.000000 80.000000 83.000000 84.000000
张汉良 281005127 60.000000 60.000000 60.000000 65.000000 63.000000
李超帅 281005129 85.000000 86.000000 85.000000 91.000000 92.000000
方文杰 281005130 72.000000 77.000000 72.000000 72.000000 76.000000
张宏彦 281005131 34.000000 39.000000 38.000000 43.000000 39.000000
刘朝军 281005133 83.000000 89.000000 87.000000 91.000000 85.000000
王碧 281005134 86.000000 87.000000 92.000000 94.000000 89.000000
王毓爽 281005135 60.000000 61.000000 64.000000 68.000000 64.000000
李倩雯 281005136 89.000000 98.000000 91.000000 89.000000 96.000000
刘楠 281005137 95.000000 95.000000 98.000000 95.000000 98.000000
吴晓红 281005138 92.000000 92.000000 97.000000 98.000000 99.000000
董晓彤 281005139 78.000000 81.000000 86.000000 82.000000 87.000000
刘鑫 291002101 90.000000 92.000000 96.000000 95.000000 97.000000
接兆君 291002102 60.000000 67.000000 64.000000 65.000000 67.000000
张倩 291002103 60.000000 69.000000 68.000000 63.000000 60.000000
赵宏 291002104 53.000000 55.000000 55.000000 56.000000 59.000000
曹海燕 291002105 72.000000 79.000000 73.000000 77.000000 77.000000
赵晓丽 291002106 70.000000 74.000000 70.000000 72.000000 76.000000
张美清 291002107 63.000000 63.000000 69.000000 64.000000 64.000000
郭启明 291002108 60.000000 61.000000 67.000000 63.000000 60.000000
何欣桐 291002109 77.000000 77.000000 81.000000 85.000000 80.000000
吴昊 291002110 68.000000 68.000000 69.000000 70.000000 77.000000
张启东 291002111 60.000000 60.000000 63.000000 68.000000 68.000000
亓军辉 291002112 63.000000 68.000000 70.000000 70.000000 63.000000
孙超 291002113 49.000000 57.000000 58.000000 52.000000 49.000000
张强 291002114 61.000000 68.000000 65.000000 68.000000 69.000000
白俊峰 291002115 42.000000 45.000000 49.000000 43.000000 42.000000
宋振 291002116 78.000000 78.000000 86.000000 81.000000 82.000000
满金鑫 291002117 70.000000 75.000000 70.000000 71.000000 74.000000
郭栋 291002118 60.000000 65.000000 66.000000 62.000000 60.000000
宋国梁 291002119 60.000000 63.000000 65.000000 66.000000 66.000000
杨洪超 291002120 52.000000 58.000000 59.000000 58.000000 59.000000
邓由之 291002121 83.000000 90.000000 84.000000 92.000000 84.000000
李彬 291002122 79.000000 85.000000 81.000000 86.000000 81.000000
罗锋 291002123 81.000000 88.000000 87.000000 86.000000 82.000000
刘葳 291002124 41.000000 44.000000 50.000000 50.000000 46.000000
罗哲雄 291002125 73.000000 82.000000 75.000000 79.000000 78.000000
姚卡 291002126 66.000000 69.000000 68.000000 70.000000 70.000000
刘琛 291002127 60.000000 64.000000 62.000000 67.000000 69.000000
强创 291002128 60.000000 62.000000 63.000000 67.000000 63.000000
魏凯凯 291002129 67.000000 68.000000 72.000000 74.000000 75.000000
宋云雷 291002201 60.000000 65.000000 68.000000 63.000000 62.000000
郝岩 291002202 60.000000 64.000000 61.000000 61.000000 65.000000
马涛 291002203 60.000000 69.000000 65.000000 61.000000 60.000000
刘宇 291002204 67.000000 73.000000 71.000000 72.000000 70.000000
张财谦 291002205 82.000000 82.000000 90.000000 91.000000 83.000000
李晓勇 291002206 66.000000 69.000000 70.000000 73.000000 70.000000
张志明 291002207 67.000000 73.000000 70.000000 73.000000 72.000000
张涛 291002208 53.000000 55.000000 61.000000 54.000000 53.000000
张晓原 291002209 50.000000 53.000000 51.000000 55.000000 55.000000
赵鹏飞 291002210 68.000000 70.000000 70.000000 69.000000 75.000000
王群 291002211 62.000000 66.000000 70.000000 64.000000 65.000000
陈伟 291002212 68.000000 74.000000 71.000000 68.000000 71.000000
何正全 291002213 64.000000 69.000000 66.000000 72.000000 64.000000
郭健 291002214 84.000000 91.000000 86.000000 86.000000 89.000000
郑伟 291002215 67.000000 76.000000 68.000000 67.000000 75.000000
王立辉 291002216 68.000000 73.000000 68.000000 75.000000 77.000000
张羽 291002217 67.000000 67.000000 72.000000 70.000000 71.000000
乔鑫 291002218 60.000000 61.000000 60.000000 64.000000 68.000000
张义勐 291002219 87.000000 92.000000 96.000000 89.000000 92.000000
王海东 291002220 69.000000 73.000000 70.000000 72.000000 78.000000
韩冬骏 291002221 66.000000 71.000000 74.000000 68.000000 73.000000
王鹏 291002222 68.000000 77.000000 74.000000 69.000000 75.000000
张子敬 291002223 62.000000 69.000000 63.000000 71.000000 62.000000
杨磊 291002224 47.000000 50.000000 51.000000 48.000000 54.000000
刘鑫 291002225 48.000000 53.000000 51.000000 51.000000 50.000000
李鹏 291002226 60.000000 64.000000 61.000000 62.000000 69.000000
程晓龙 291002227 52.000000 52.000000 60.000000 59.000000 56.000000
孙世卓 291002228 53.000000 58.000000 59.000000 61.000000 53.000000
杨 291002229 51.000000 58.000000 58.000000 55.000000 54.000000
李东 291002230 42.000000 43.000000 45.000000 48.000000 45.000000
孙胜凡 291002231 44.000000 44.000000 45.000000 53.000000 44.000000
王国亮 291002232 51.000000 55.000000 53.000000 60.000000 54.000000
燕子 123456 80.000000 90.000000 90.000000 90.000000 90.000000
